# Body pose sequence format version 1.0 defined by cnoid-Robotics

type: PoseSeq
name: "PoseSeq"
targetBody: "robot"
refs: 
  - 
    time: 0
    refer: 
      type: Pose
      name: ""
      joints: [ 
        0, 1, 2, 3, 4, 5, 6, 7, 8, 
        9, 10, 11, 12, 13, 14, 15, 16, 17, 
        18, 19, 20, 21, 22, 23 ]
      q: [ 
        0, 0, 0, 0, 0, 0, 0, 0, -0.24961527, 
        4.88735314e-018, -5.29786221e-018, 1.80065214, -5.7526901e-018, 0.0197594583, -5.03203182e-018, -0.249614756, -2.86220647e-018, 2.96180967e-018, 
        1.8006531, 3.03802365e-018, 0.0197579814, 3.15074111e-018, 0, 0 ]
      ikLinks: 
        - 
          name: l1
          index: 5
          translation: [ 5.16987883e-026, 0.171, 0.905 ]
          rotation: [ 
            0.969007534, 1.20732857e-018, 0.247031172, 
            0, 1, -4.88735314e-018, 
            -0.247031172, 4.73588201e-018, 0.969007534 ]
        - 
          name: l6
          index: 10
          translation: [ 0.210000409, 0.171, 0.667500306 ]
          rotation: [ 
            -8.72946371e-010, 9.9104705e-019, -1, 
            -1.93628265e-019, 1, 9.9104705e-019, 
            1, 1.93628266e-019, -8.72946371e-010 ]
        - 
          name: r6
          index: 18
          translation: [ 0.210000536, -0.171, 0.667500664 ]
          rotation: [ 
            -2.57292689e-009, 9.27141368e-019, -1, 
            -4.05478917e-019, 1, 9.27141369e-019, 
            1, 4.05478919e-019, -2.57292689e-009 ]
  - 
    time: 1.99
    refer: 
      type: Pose
      name: ""
      joints: [ 
        0, 1, 2, 3, 4, 5, 6, 7, 8, 
        9, 10, 11, 12, 13, 14, 15, 16, 17, 
        18, 19, 20, 21, 22, 23 ]
      q: [ 
        0, 0, 0, 0, 0, 0, 0, 0, -0.101628699, 
        -0.185245167, 0.25199144, 2.14969011, 0.294317851, -0.514966425, 0.104501534, -0.249614757, -2.61136549e-010, 2.94339211e-010, 
        1.8006531, 2.74302203e-010, 0.0197579836, 2.80629775e-010, 0, 0 ]
      ikLinks: 
        - 
          name: l1
          index: 5
          translation: [ -1.29246971e-026, 0.171, 0.905 ]
          rotation: [ 
            0.994840247, -0.0186865313, 0.0997180837, 
            6.46234854e-027, 0.982891123, 0.184187512, 
            -0.101453845, -0.18323715, 0.977819648 ]
        - 
          name: l6
          index: 10
          translation: [ 0.20999967, 0.10000006, 0.80000005 ]
          rotation: [ 
            -0.00135538623, -7.80531788e-005, -0.999999078, 
            -0.000255501944, 0.999999964, -7.77069438e-005, 
            0.999999049, 0.000255396386, -0.00135540612 ]
        - 
          name: r6
          index: 18
          translation: [ 0.210000536, -0.171, 0.667500664 ]
          rotation: [ 
            -4.00210263e-009, -1.29179418e-012, -1, 
            5.00609355e-010, 1, -1.29179846e-012, 
            1, -5.00609362e-010, -4.00210263e-009 ]
  - 
    time: 4.01
    refer: 
      type: Pose
      name: ""
      joints: [ 
        0, 1, 2, 3, 4, 5, 6, 7, 8, 
        9, 10, 11, 12, 13, 14, 15, 16, 17, 
        18, 19, 20, 21, 22, 23 ]
      q: [ 
        0, 0, 0, 0, 0, 0, 0, 0, 0.672020925, 
        -0.148963981, 0.0964873774, 1.17218025, 0.100441959, -0.287793422, 0.146100711, -0.249614756, -1.15520136e-010, 1.30208151e-010, 
        1.8006531, 1.21344289e-010, 0.0197579817, 1.24143443e-010, 0, 0 ]
      ikLinks: 
        - 
          name: l1
          index: 5
          translation: [ -4.20052655e-026, 0.171, 0.905 ]
          rotation: [ 
            0.7825651, 0.092397713, -0.615674042, 
            -1.29246971e-026, 0.988925368, 0.148413667, 
            0.622568762, -0.116143356, 0.77389848 ]
        - 
          name: l6
          index: 10
          translation: [ 0.399999061, 0.100000093, 0.800000326 ]
          rotation: [ 
            -0.000121119076, 4.71693861e-008, -0.999999993, 
            0.000620248845, 0.999999808, -2.79545899e-008, 
            0.9999998, -0.000620248843, -0.000121119082 ]
        - 
          name: r6
          index: 18
          translation: [ 0.210000536, -0.171, 0.667500664 ]
          rotation: [ 
            -2.6939118e-009, 1.26825641e-010, -1, 
            1.08810853e-010, 1, 1.26825646e-010, 
            1, -1.08810856e-010, -2.69391185e-009 ]
  - 
    time: 6.01
    refer: 
      type: Pose
      name: ""
      joints: [ 
        0, 1, 2, 3, 4, 5, 6, 7, 8, 
        9, 10, 11, 12, 13, 14, 15, 16, 17, 
        18, 19, 20, 21, 22, 23 ]
      q: [ 
        0, 0, 0, 0, 0, 0, 0, 0, 0.617766505, 
        -0.146334553, 0.0725289675, 0.869869338, 0.06652296, 0.0738003522, 0.149140192, -0.249614757, -1.87693743e-010, 2.11558401e-010, 
        1.8006531, 1.97156653e-010, 0.0197579833, 2.01704638e-010, 0, 0 ]
      ikLinks: 
        - 
          name: l1
          index: 5
          translation: [ -9.6935228e-027, 0.171, 0.905 ]
          rotation: [ 
            0.815174164, 0.0844571235, -0.573025372, 
            0, 0.989312192, 0.145812849, 
            0.57921592, -0.118862867, 0.806461739 ]
        - 
          name: l6
          index: 10
          translation: [ 0.399999468, 0.100000669, 0.700000502 ]
          rotation: [ 
            -0.000978088911, 0.000280908678, -0.999999482, 
            -0.000514074607, 0.999999828, 0.000281411586, 
            0.99999939, 0.000514349586, -0.000977944335 ]
        - 
          name: r6
          index: 18
          translation: [ 0.210000536, -0.171, 0.667500664 ]
          rotation: [ 
            -4.14607981e-009, 1.95108253e-010, -1, 
            1.86478695e-010, 1, 1.95108252e-010, 
            1, -1.86478701e-010, -4.14607995e-009 ]
  - 
    time: 7.99
    refer: 
      type: Pose
      name: ""
      joints: [ 
        0, 1, 2, 3, 4, 5, 6, 7, 8, 
        9, 10, 11, 12, 13, 14, 15, 16, 17, 
        18, 19, 20, 21, 22, 23 ]
      q: [ 
        0, 0, 0, 0, 0, 0, 0, 0, 0.617766505, 
        -0.146334553, 0.0725289675, 0.869869338, 0.06652296, 0.0738003522, 0.149140192, -0.249614757, -1.87693743e-010, 2.11558401e-010, 
        1.8006531, 1.97156653e-010, 0.0197579833, 2.01704638e-010, 0, 0 ]
      ikLinks: 
        - 
          name: l1
          index: 5
          translation: [ -9.6935228e-027, 0.171, 0.905 ]
          rotation: [ 
            0.815174164, 0.0844571235, -0.573025372, 
            0, 0.989312192, 0.145812849, 
            0.57921592, -0.118862867, 0.806461739 ]
        - 
          name: l6
          index: 10
          translation: [ 0.399999468, 0.100000669, 0.700000502 ]
          rotation: [ 
            -0.000978088911, 0.000280908678, -0.999999482, 
            -0.000514074607, 0.999999828, 0.000281411586, 
            0.99999939, 0.000514349586, -0.000977944335 ]
        - 
          name: r6
          index: 18
          translation: [ 0.210000537, -0.171, 0.667500663 ]
          rotation: [ 
            -4.46099244e-010, 1.95108253e-010, -1, 
            1.86478695e-010, 1, 1.95108252e-010, 
            1, -1.86478702e-010, -4.46099383e-010 ]
  - 
    time: 9.99166667
    refer: 
      type: Pose
      name: ""
      joints: [ 
        0, 1, 2, 3, 4, 5, 6, 7, 8, 
        9, 10, 11, 12, 13, 14, 15, 16, 17, 
        18, 19, 20, 21, 22, 23 ]
      q: [ 
        0, 0, 0, 0, 0, 0, 0, 0, 0.672394905, 
        -0.145228728, 0.101800802, 1.17215053, 0.0955916324, -0.288187294, 0.149371613, -0.249614756, -2.04146544e-010, 2.30103138e-010, 
        1.8006531, 2.14438966e-010, 0.0197579817, 2.19385611e-010, 0, 0 ]
      ikLinks: 
        - 
          name: l1
          index: 5
          translation: [ -1.29246971e-026, 0.171, 0.905 ]
          rotation: [ 
            0.782332217, 0.0901397231, -0.616304415, 
            0, 0.98947283, 0.144718754, 
            0.622861382, -0.113218144, 0.774096474 ]
        - 
          name: l6
          index: 10
          translation: [ 0.399999395, 0.100000661, 0.80000043 ]
          rotation: [ 
            -0.000136224693, 1.56550272e-005, -0.999999991, 
            -5.12519555e-005, 0.999999999, 1.56620091e-005, 
            0.999999989, 5.12540886e-005, -0.00013622389 ]
        - 
          name: r6
          index: 18
          translation: [ 0.210000536, -0.171, 0.667500664 ]
          rotation: [ 
            -2.58354754e-009, 2.24207405e-010, -1, 
            1.92217634e-010, 1, 2.2420741e-010, 
            1, -1.92217654e-010, -2.58354754e-009 ]
  - 
    time: 11.99
    refer: 
      type: Pose
      name: ""
      joints: [ 
        0, 1, 2, 3, 4, 5, 6, 7, 8, 
        9, 10, 11, 12, 13, 14, 15, 16, 17, 
        18, 19, 20, 21, 22, 23 ]
      q: [ 
        0, 0, 0, 0, 0, 0, 0, 0, 0.675694222, 
        0.169561628, -0.100949021, 1.1609037, -0.118608208, -0.282222493, -0.157838227, -0.249614757, 8.65577993e-012, -9.75634195e-012, 
        1.8006531, -9.09218508e-012, 0.0197579826, -9.30191079e-012, 0, 0 ]
      ikLinks: 
        - 
          name: l1
          index: 5
          translation: [ 7.67403889e-027, 0.171, 0.905 ]
          rotation: [ 
            0.780272945, -0.105543032, -0.616469625, 
            5.40282776e-012, 0.985658837, -0.16875028, 
            0.62543915, 0.131671278, 0.769082924 ]
        - 
          name: l6
          index: 10
          translation: [ 0.39999966, 0.250000555, 0.800000187 ]
          rotation: [ 
            -0.00175870697, -0.000671089551, -0.999998228, 
            0.00192625571, 0.999997917, -0.000674477068, 
            0.999996598, -0.0019274385, -0.00175741062 ]
        - 
          name: r6
          index: 18
          translation: [ 0.210000536, -0.171, 0.667500664 ]
          rotation: [ 
            -3.71356397e-009, -1.3589088e-011, -1, 
            -4.53974551e-012, 1, -1.35890565e-011, 
            1, 4.5397304e-012, -3.71356408e-009 ]
  - 
    time: 14
    refer: 
      type: Pose
      name: ""
      joints: [ 
        0, 1, 2, 3, 4, 5, 6, 7, 8, 
        9, 10, 11, 12, 13, 14, 15, 16, 17, 
        18, 19, 20, 21, 22, 23 ]
      q: [ 
        0, 0, 0, 0, 0, 0, 0, 0, 0.6249629, 
        0.150498534, -0.10542547, 0.855964199, -0.0465278892, 0.078741007, -0.177210215, -0.249614757, 2.11919478e-010, -2.38864356e-010, 
        1.8006531, -2.22603779e-010, 0.0197579816, -2.27738761e-010, 0, 0 ]
      ikLinks: 
        - 
          name: l1
          index: 5
          translation: [ 3.23117427e-027, 0.171, 0.905 ]
          rotation: [ 
            0.810984826, -0.0877197376, -0.578453852, 
            -8.31133367e-011, 0.988696455, -0.14993105, 
            0.585067185, 0.121591807, 0.801817823 ]
        - 
          name: l6
          index: 10
          translation: [ 0.399999614, 0.250000585, 0.700000241 ]
          rotation: [ 
            -0.00104161556, -0.00063161945, -0.999999258, 
            0.000700566244, 0.999999555, -0.000632349359, 
            0.999999212, -0.000701224389, -0.0010411726 ]
        - 
          name: r6
          index: 18
          translation: [ 0.210000536, -0.171, 0.667500664 ]
          rotation: [ 
            -3.13118831e-009, -1.59367314e-010, -1, 
            -2.64416959e-010, 1, -1.59367313e-010, 
            1, 2.64416927e-010, -3.13118825e-009 ]
  - 
    time: 16
    refer: 
      type: Pose
      name: ""
      joints: [ 
        0, 1, 2, 3, 4, 5, 6, 7, 8, 
        9, 10, 11, 12, 13, 14, 15, 16, 17, 
        18, 19, 20, 21, 22, 23 ]
      q: [ 
        0, 0, 0, 0, 0, 0, 0, 0, 0.677161442, 
        0.15658426, -0.119744952, 1.16080424, -0.0974918152, -0.283093267, -0.170674409, -0.249614757, -2.79670282e-010, 3.15229441e-010, 
        1.8006531, 2.93770352e-010, 0.0197579829, 3.00546993e-010, 0, 0 ]
      ikLinks: 
        - 
          name: l1
          index: 5
          translation: [ 6.46234854e-027, 0.171, 0.905 ]
          rotation: [ 
            0.779354449, -0.0977126417, -0.618917509, 
            3.92616842e-011, 0.987765713, -0.155945172, 
            0.626583309, 0.121536563, 0.769819603 ]
        - 
          name: l6
          index: 10
          translation: [ 0.39999966, 0.250000557, 0.800000187 ]
          rotation: [ 
            -0.00184832485, -0.000538067987, -0.999998147, 
            8.04349646e-005, 0.999999852, -0.000538217574, 
            0.999998289, -8.14296165e-005, -0.0018482813 ]
        - 
          name: r6
          index: 18
          translation: [ 0.210000536, -0.171, 0.667500664 ]
          rotation: [ 
            -3.65248598e-009, 2.79135682e-010, -1, 
            2.8810111e-010, 1, 2.79135672e-010, 
            1, -2.88101149e-010, -3.65248598e-009 ]
  - 
    time: 17.9983333
    refer: 
      type: Pose
      name: ""
      joints: [ 
        0, 1, 2, 3, 4, 5, 6, 7, 8, 
        9, 10, 11, 12, 13, 14, 15, 16, 17, 
        18, 19, 20, 21, 22, 23 ]
      q: [ 
        0, 0, 0, 0, 0, 0, 0, 0, -0.070523636, 
        0.103793951, -0.327304622, 2.13552849, -0.267209779, -0.539293721, -0.216543308, -0.249614757, -2.79670282e-010, 3.15229441e-010, 
        1.8006531, 2.93770352e-010, 0.0197579829, 3.00546993e-010, 0, 0 ]
      ikLinks: 
        - 
          name: l1
          index: 5
          translation: [ 6.46234854e-027, 0.171, 0.905 ]
          rotation: [ 
            0.997514239, 0.00730073562, 0.0700859642, 
            -2.44044581e-010, 0.994618242, -0.103607686, 
            -0.0704651909, 0.103350142, 0.992145859 ]
        - 
          name: l6
          index: 10
          translation: [ 0.209999876, 0.249999922, 0.80000003 ]
          rotation: [ 
            -0.00117425876, -0.000241402261, -0.999999281, 
            -0.000784018323, 0.999999664, -0.000240481712, 
            0.999999003, 0.000783735372, -0.00117444762 ]
        - 
          name: r6
          index: 18
          translation: [ 0.210000536, -0.171, 0.667500664 ]
          rotation: [ 
            -3.65248598e-009, 2.79135682e-010, -1, 
            2.8810111e-010, 1, 2.79135672e-010, 
            1, -2.88101149e-010, -3.65248598e-009 ]
  - 
    time: 20
    refer: 
      type: Pose
      name: ""
      joints: [ 
        0, 1, 2, 3, 4, 5, 6, 7, 8, 
        9, 10, 11, 12, 13, 14, 15, 16, 17, 
        18, 19, 20, 21, 22, 23 ]
      q: [ 
        0, 0, 0, 0, 0, 0, 0, 0, -0.249614757, 
        -5.84410215e-018, 6.00959723e-018, 1.8006531, 6.16735486e-018, 0.0197579821, 6.43134896e-018, -0.249614757, 5.84410215e-018, -6.00959723e-018, 
        1.8006531, -6.16735486e-018, 0.0197579821, -6.43134896e-018, 0, 0 ]
      ikLinks: 
        - 
          name: l1
          index: 5
          translation: [ 0, 0.171, 0.905 ]
          rotation: [ 
            0.969007661, -1.44367249e-018, 0.247030674, 
            0, 1, 5.84410215e-018, 
            -0.247030674, -5.66297975e-018, 0.969007661 ]
        - 
          name: l6
          index: 10
          translation: [ 0.210000536, 0.171, 0.667500664 ]
          rotation: [ 
            -3.20508355e-009, -1.92857388e-018, -1, 
            8.54321304e-019, 1, -1.92857388e-018, 
            1, -8.5432131e-019, -3.20508355e-009 ]
        - 
          name: r6
          index: 18
          translation: [ 0.210000536, -0.171, 0.667500664 ]
          rotation: [ 
            -3.20508355e-009, -1.92857388e-018, -1, 
            8.54321304e-019, 1, -1.92857388e-018, 
            1, -8.5432131e-019, -3.20508355e-009 ]
